Viento Escalar Medio (km/h)
Estación Meteorológica   Aeroparque Aero
Año 2002 Viento Escalar Medio (km/h)
Datos Preliminares
 
Día;Ene;Feb;Mar;Abr;May;Jun;Jul;Ago;Sep;Oct;Nov;Dic;
1;15;27;14;10;11;14;28;12;19;16;18;27;
2;12;13;17;9;16;27;15;10;12;25;17;13;
3;12;13;13;10;13;6;14;11;9;23;25;15;
4;26;21;15;10;10;18;19;11;16;16;25;13;
5;31;31;30;11;14;21;10;15;18;14;19;6;
6;22;35;10;11;7;8;18;17;15;37;18;9;
7;7;20;9;12;8;10;14;28;14;31;19;26;
8;7;21;8;14;16;12;12;21;16;27;27;19;
9;19;21;13;16;10;30;7;17;21;10;19;18;
10;25;10;22;20;14;14;5;19;17;15;35;18;
11;17;14;19;25;9;10;15;17;13;10;25;18;
12;13;12;18;26;16;7;14;6;18;9;11;21;
13;16;8;11;18;17;13;10;18;11;16;13;22;
14;30;8;11;13;13;10;12;15;16;18;16;13;
15;10;31;22;14;28;13;11;16;22;31;21;6;
16;18;26;20;21;24;10;18;21;18;22;18;16;
17;15;20;26;18;19;5;20;15;9;19;12;19;
18;21;21;35;13;16;14;12;14;15;20;11;18;
19;18;24;25;16;13;15;9;16;30;31;17;17;
20;16;29;24;19;12;18;10;15;12;32;19;15;
21;14;18;18;8;10;20;15;8;15;29;17;19;
22;9;12;13;20;20;9;24;11;12;18;18;23;
23;12;24;11;13;14;9;18;13;11;22;18;27;
24;12;11;10;9;14;7;15;9;18;7;16;15;
25;15;18;9;3;16;12;9;7;18;19;15;15;
26;22;10;24;10;16;18;5;16;23;12;8;17;
27;15;13;37;10;13;6;18;8;13;30;24;12;
28;16;20;20;12;25;18;11;11;11;24;18;15;
29;17;s/d;10;8;21;16;18;28;20;16;14;25;
30;18;s/d;22;10;14;14;13;27;11;10;18;35;
31;19;s/d;19;s/d;10;s/d;25;25;s/d;18;s/d;24;
 
Estación Meteorológica   Aeroparque Aero
Año 2003 Viento Escalar Medio (km/h)
Datos Preliminares
 
Día;Ene;Feb;Mar;Abr;May;Jun;Jul;Ago;Sep;Oct;Nov;Dic;
1;16;12;9;18;7;5;18;7;7;12;23;7;
2;15;38;15;21;12;30;16;18;8;23;10;10;
3;13;9;9;18;12;12;5;25;12;20;11;26;
4;10;11;12;12;11;22;5;11;22;9;14;24;
5;20;8;12;12;15;17;10;19;17;4;16;19;
6;16;11;14;8;14;16;5;27;29;20;13;19;
7;18;34;16;12;5;10;14;17;28;25;18;13;
8;12;22;25;12;7;7;23;20;23;21;12;10;
9;11;16;25;17;17;13;21;12;8;23;13;18;
10;18;19;12;21;16;9;18;6;12;21;29;19;
11;25;25;23;23;8;11;13;15;18;13;30;24;
12;14;12;13;8;8;7;5;14;15;15;27;12;
13;12;11;7;12;15;8;21;6;22;17;16;15;
14;13;12;12;15;14;10;13;20;13;16;20;14;
15;12;13;17;8;21;20;21;12;26;18;25;21;
16;11;20;8;8;18;3;19;5;18;18;12;14;
17;14;22;14;17;26;12;12;17;15;30;13;17;
18;26;10;18;14;23;8;11;18;19;18;30;18;
19;24;15;12;22;31;11;11;12;16;18;25;12;
20;11;22;33;14;15;15;13;13;9;12;15;16;
21;8;11;8;14;7;16;15;25;22;17;18;15;
22;17;9;14;12;22;11;11;31;14;10;11;27;
23;16;12;18;18;17;7;9;24;26;16;14;15;
24;15;6;25;11;23;13;7;14;22;14;27;18;
25;14;8;22;19;12;34;13;17;24;15;19;18;
26;12;9;16;13;13;32;17;19;10;25;12;16;
27;9;16;12;18;13;13;17;30;17;15;17;12;
28;20;8;16;7;5;9;12;20;15;15;21;24;
29;14;s/d;18;28;7;12;19;15;17;15;31;15;
30;15;s/d;19;18;10;12;5;18;17;24;15;23;
31;14;s/d;12;s/d;12;s/d;10;19;s/d;18;s/d;21;
 
Estación Meteorológica   Aeroparque Aero
Año 2004 Viento Escalar Medio (km/h)
Datos Preliminares
 
Día;Ene;Feb;Mar;Abr;May;Jun;Jul;Ago;Sep;Oct;Nov;Dic;
1;12;22;13;13;11;8;12;10;12;20;16;17;
2;9;19;21;12;18;11;20;12;18;15;17;18;
3;21;17;12;6;31;10;17;8;25;18;25;27;
4;16;14;9;17;25;15;11;16;19;19;32;13;
5;10;28;18;20;21;15;12;29;30;25;31;15;
6;19;15;10;17;15;11;18;13;22;20;18;27;
7;14;18;14;11;3;12;16;17;22;27;12;24;
8;20;22;14;19;7;15;13;7;28;18;24;22;
9;14;22;10;34;10;15;12;15;16;16;19;22;
10;25;16;15;15;10;17;15;6;8;18;32;20;
11;22;15;23;10;18;18;16;16;21;24;34;15;
12;13;17;24;13;31;17;21;12;9;26;17;18;
13;14;24;21;9;30;13;12;10;17;25;21;20;
14;12;17;20;27;18;14;13;15;9;14;23;18;
15;30;9;14;25;6;10;16;9;20;15;5;18;
16;20;14;21;18;7;7;14;17;13;30;18;16;
17;18;20;17;9;11;15;18;23;18;13;21;15;
18;18;11;12;10;11;13;17;28;12;21;22;18;
19;25;12;13;20;10;10;21;32;21;10;18;17;
20;15;19;12;12;21;15;14;15;23;16;16;20;
21;12;21;9;19;25;13;17;23;20;22;13;20;
22;20;14;14;9;28;12;16;9;12;23;16;19;
23;18;14;12;20;40;9;15;11;13;22;18;22;
24;11;15;8;12;34;11;12;16;20;15;15;20;
25;8;15;8;10;10;10;17;11;12;19;8;22;
26;9;11;11;12;20;5;13;9;21;18;13;18;
27;14;21;9;12;9;12;12;10;19;17;17;16;
28;15;26;15;12;15;18;16;7;22;18;15;21;
29;9;18;17;12;6;11;15;19;21;16;13;9;
30;15;s/d;21;12;12;22;8;20;18;17;10;8;
31;32;s/d;19;s/d;17;s/d;9;29;s/d;6;s/d;10;
 
Estación Meteorológica   Aeroparque Aero
Año 2005 Viento Escalar Medio (km/h)
Datos Preliminares
 
Día;Ene;Feb;Mar;Abr;May;Jun;Jul;Ago;Sep;Oct;Nov;Dic;
1;15;21;17;12;13;7;7;22;22;13;17;25;
2;18;13;15;20;13;18;12;16;21;23;17;19;
3;8;13;15;13;14;23;6;16;15;26;14;29;
4;13;19;14;6;18;25;22;25;12;24;24;13;
5;16;21;9;17;29;10;17;25;11;20;15;22;
6;12;16;16;8;21;10;12;14;8;10;24;18;
7;23;14;23;17;16;7;19;22;12;15;17;18;
8;13;18;15;3;16;21;20;19;15;12;18;17;
9;18;12;14;11;8;17;10;11;8;9;21;17;
10;24;22;18;8;9;16;12;20;30;14;25;22;
11;12;26;16;7;14;10;15;16;18;17;18;17;
12;12;30;16;25;11;12;13;14;15;12;21;25;
13;30;28;14;25;25;27;11;7;10;7;18;22;
14;13;17;13;29;22;23;6;14;7;18;24;18;
15;17;19;15;14;17;31;33;31;14;14;13;15;
16;15;17;12;9;16;13;22;16;11;25;6;10;
17;17;14;8;8;11;12;13;17;15;7;15;17;
18;25;15;16;9;9;12;16;9;16;9;11;26;
19;17;13;11;17;13;16;12;12;23;13;6;21;
20;20;9;12;18;14;12;15;22;18;15;16;18;
21;11;13;18;11;18;15;15;17;14;7;7;25;
22;11;13;8;12;12;9;21;17;12;14;7;21;
23;8;10;8;13;19;7;20;38;19;22;24;26;
24;20;10;15;31;9;12;11;23;22;22;14;16;
25;20;9;15;17;13;7;12;10;18;16;20;16;
26;18;9;15;8;13;6;9;12;12;10;17;11;
27;18;11;10;10;13;17;15;16;18;14;15;21;
28;18;31;12;4;12;10;12;11;21;19;19;13;
29;19;s/d;23;8;11;10;14;17;19;17;30;6;
30;27;s/d;20;8;14;8;5;20;22;13;27;18;
31;37;s/d;15;s/d;9;s/d;12;21;s/d;18;s/d;16;
 
Estación Meteorológica   Aeroparque Aero
Año 2006 Viento Escalar Medio (km/h)
Datos Preliminares
 
Día;Ene;Feb;Mar;Abr;May;Jun;Jul;Ago;Sep;Oct;Nov;Dic;
1;15;19;8;17;20;17;10;9;20;13;15;19;
2;11;24;16;18;15;14;11;12;31;13;13;16;
3;17;15;25;12;8;15;8;17;19;29;28;21;
4;8;15;17;12;6;12;9;11;17;21;25;17;
5;13;19;7;10;5;8;18;8;9;17;30;18;
6;13;18;9;15;13;10;10;17;20;15;27;17;
7;28;12;14;15;18;10;12;9;18;8;20;13;
8;18;14;14;17;18;16;21;29;12;15;8;20;
9;10;13;18;18;6;21;16;18;8;16;8;12;
10;21;15;18;12;9;11;13;12;17;13;17;17;
11;27;16;15;5;10;14;17;13;17;21;17;17;
12;14;13;12;7;15;19;18;15;21;26;20;14;
13;26;8;9;20;7;10;16;31;19;21;20;22;
14;20;8;18;20;12;5;26;20;7;27;20;18;
15;10;12;13;17;18;14;22;12;17;15;28;22;
16;21;11;19;12;12;20;8;15;9;12;12;10;
17;12;15;7;10;13;17;7;9;14;23;36;28;
18;21;24;15;21;11;9;11;8;10;27;22;6;
19;19;20;10;26;15;10;9;22;14;21;7;12;
20;13;19;15;18;8;8;8;19;18;11;16;17;
21;24;13;26;17;11;13;26;11;16;17;20;20;
22;23;12;19;13;7;12;18;18;15;10;12;8;
23;16;11;10;8;8;19;11;8;25;15;14;12;
24;13;37;15;10;12;17;13;10;11;15;13;11;
25;14;22;12;15;17;21;12;8;20;30;32;15;
26;16;15;9;12;10;21;25;18;16;29;34;6;
27;18;8;13;18;12;14;21;17;7;12;33;23;
28;9;7;19;9;15;13;27;17;19;20;9;19;
29;15;s/d;8;20;16;13;21;12;13;15;14;14;
30;32;s/d;10;21;16;14;14;23;16;21;16;14;
31;14;s/d;9;s/d;11;s/d;12;13;s/d;21;s/d;12;
 
Estación Meteorológica   Aeroparque Aero
Año 2007 Viento Escalar Medio (km/h)
Datos Preliminares
 
Día;Ene;Feb;Mar;Abr;May;Jun;Jul;Ago;Sep;Oct;Nov;Dic;
1;14;10;15;21;11;18;4;23;6;24;13;12;
2;29;8;21;8;19;20;15;26;12;13;10;17;
3;24;7;24;4;12;16;13;21;12;18;29;12;
4;12;11;25;16;10;9;6;12;16;11;15;23;
5;25;13;11;16;22;6;9;15;31;21;19;18;
6;19;16;9;17;27;7;20;11;9;24;11;17;
7;15;13;16;17;20;2;8;14;6;27;16;18;
8;16;26;12;28;17;7;19;11;10;30;23;18;
9;17;23;14;15;9;11;17;15;7;20;20;12;
10;14;18;16;12;16;11;11;20;12;22;19;15;
11;20;18;12;11;8;6;14;13;13;23;17;17;
12;14;19;12;16;18;12;8;11;39;26;24;13;
13;26;20;15;16;9;23;17;12;18;9;18;16;
14;17;9;12;15;5;29;18;19;13;19;23;14;
15;12;15;23;18;12;22;4;12;21;18;13;24;
16;12;14;14;13;21;7;15;25;41;10;21;19;
17;24;24;9;16;10;11;6;25;39;9;11;13;
18;21;13;13;17;12;6;14;25;26;19;16;17;
19;28;11;7;12;10;12;15;19;18;10;15;16;
20;16;16;13;24;14;5;17;6;13;19;13;10;
21;19;17;17;23;6;18;16;10;18;9;18;20;
22;18;6;13;15;14;18;21;11;18;11;18;32;
23;16;11;17;12;20;24;18;3;22;11;18;13;
24;13;10;15;16;10;15;12;23;23;20;14;17;
25;23;6;17;15;13;10;13;25;9;24;15;32;
26;11;13;8;16;10;8;19;13;18;10;15;21;
27;11;20;11;3;16;11;20;13;7;17;15;25;
28;25;21;9;13;19;11;10;14;6;19;15;12;
29;18;s/d;18;11;16;12;12;20;7;15;15;13;
30;19;s/d;14;15;9;3;10;16;19;18;17;6;
31;12;s/d;31;s/d;14;s/d;7;7;s/d;16;s/d;5;
 
Estación Meteorológica   Aeroparque Aero
Año 2008 Viento Escalar Medio (km/h)
Datos Preliminares
 
Día;Ene;Feb;Mar;Abr;May;Jun;Jul;Ago;Sep;Oct;Nov;Dic;
1;25;13;23;14;8;9;17;9;12;7;12;29;
2;22;22;16;15;17;16;22;22;20;17;32;29;
3;21;13;21;9;21;16;8;14;28;6;11;16;
4;30;9;19;12;14;14;13;16;22;12;12;15;
5;12;11;21;13;4;12;6;12;16;12;15;13;
6;11;8;22;16;8;14;24;14;15;19;20;9;
7;8;33;12;9;15;3;11;11;7;22;21;8;
8;8;20;11;8;7;6;9;7;11;17;20;10;
9;9;14;7;10;6;11;14;9;18;22;20;9;
10;15;21;26;10;7;14;15;14;19;17;14;29;
11;15;20;15;16;6;18;10;6;26;13;16;32;
12;14;13;7;16;5;10;6;15;16;16;15;19;
13;27;12;8;15;5;12;11;11;21;28;18;19;
14;18;12;18;18;10;24;14;12;12;25;15;19;
15;12;13;16;6;13;22;7;12;13;27;30;17;
16;20;22;17;21;16;16;8;12;17;22;12;18;
17;11;16;11;9;12;12;14;19;22;13;12;14;
18;24;19;27;6;12;20;13;15;25;13;33;18;
19;25;16;13;6;4;30;18;31;14;17;23;22;
20;13;5;7;13;33;31;27;14;21;17;23;22;
21;14;12;15;18;14;18;36;14;21;20;26;23;
22;26;19;23;4;25;6;29;3;22;13;22;29;
23;24;27;14;14;16;9;14;11;21;10;22;16;
24;21;18;13;11;25;12;11;7;20;10;9;7;
25;23;21;14;17;12;18;7;10;14;25;12;23;
26;25;14;10;19;7;2;12;12;24;13;13;20;
27;24;10;19;7;8;3;20;17;13;25;16;17;
28;15;18;28;16;27;9;14;20;18;27;16;18;
29;8;14;21;18;22;8;12;9;12;23;12;25;
30;25;s/d;20;6;7;10;9;15;18;15;27;12;
31;23;s/d;17;s/d;4;s/d;8;20;s/d;13;s/d;19;
 
Estación Meteorológica   Aeroparque Aero
Año 2009 Viento Escalar Medio (km/h)
Datos Preliminares
 
Día;Ene;Feb;Mar;Abr;May;Jun;Jul;Ago;Sep;Oct;Nov;Dic;
1;34;13;15;19;10;21;7;23;31;13;31;19;
2;26;17;13;18;6;15;8;12;36;9;24;12;
3;11;7;21;9;6;16;12;9;33;12;17;18;
4;11;19;17;15;7;16;6;13;10;23;13;11;
5;11;27;10;8;7;17;9;14;13;14;12;17;
6;13;22;10;14;6;13;7;19;13;17;16;17;
7;19;13;12;20;9;10;19;17;30;15;21;21;
8;8;12;19;19;5;3;15;6;20;12;18;16;
9;14;13;21;10;9;7;16;4;8;16;23;19;
10;27;14;21;9;12;13;13;11;14;21;11;15;
11;21;21;18;12;18;8;14;15;13;18;12;24;
12;26;12;14;10;28;4;14;14;13;12;15;24;
13;17;14;7;23;25;18;18;17;12;18;19;13;
14;13;11;25;18;18;11;8;18;16;20;27;16;
15;10;18;21;16;7;5;6;17;11;12;10;21;
16;11;17;18;15;25;7;10;26;18;12;15;15;
17;22;6;12;6;12;8;7;6;30;16;20;18;
18;32;9;11;15;6;11;15;12;28;16;29;24;
19;10;7;15;14;8;11;23;27;21;12;16;15;
20;13;12;8;11;11;14;17;15;8;8;15;19;
21;10;31;10;17;8;15;17;14;14;17;18;21;
22;17;22;10;4;7;6;32;16;24;8;12;22;
23;20;12;7;16;6;18;23;6;21;28;22;10;
24;18;12;13;21;21;8;17;11;13;14;14;25;
25;27;12;16;8;9;8;15;11;20;17;18;21;
26;33;18;12;13;18;10;12;6;12;21;18;15;
27;33;20;4;13;8;7;15;11;35;18;17;17;
28;36;18;13;13;10;14;11;13;25;10;16;12;
29;34;s/d;14;18;6;22;12;9;16;9;16;18;
30;24;s/d;28;25;14;23;8;10;20;22;10;16;
31;19;s/d;19;s/d;14;s/d;18;29;s/d;20;s/d;13;
 
Estación Meteorológica   Aeroparque Aero
Año 2010 Viento Escalar Medio (km/h)
Datos Preliminares
 
Día;Ene;Feb;Mar;Abr;May;Jun;Jul;Ago;Sep;Oct;Nov;Dic;
1;15;9;17;12;12;12;14;16;39;17;12;16;
2;4;24;13;6;12;15;12;15;36;14;10;16;
3;14;20;9;21;6;6;6;16;20;12;13;23;
4;16;9;10;21;16;15;6;16;19;9;8;17;
5;8;6;11;15;11;15;19;17;15;9;15;25;
6;28;12;6;16;18;19;31;18;11;10;12;15;
7;14;7;9;19;6;20;17;5;11;20;11;17;
8;22;14;17;11;4;18;11;10;9;11;36;25;
9;8;14;15;11;6;22;12;6;14;21;18;12;
10;12;17;12;11;11;16;14;8;14;20;16;14;
11;20;12;13;12;12;16;21;12;22;20;12;17;
12;32;17;12;10;9;12;26;29;25;16;17;20;
13;22;15;21;14;12;7;20;25;32;14;23;15;
14;13;29;20;12;17;16;15;13;22;10;17;17;
15;14;20;8;20;14;7;16;14;10;17;19;14;
16;18;27;20;9;21;20;9;14;6;23;23;18;
17;16;19;28;11;16;18;10;6;23;20;15;19;
18;11;21;7;13;18;13;33;6;20;8;7;27;
19;17;31;12;5;9;20;12;12;17;11;5;15;
20;6;21;18;6;13;12;12;6;15;13;13;12;
21;18;35;16;7;14;12;7;7;20;10;12;11;
22;15;19;13;18;9;14;13;10;13;32;20;10;
23;15;14;11;12;11;25;8;24;30;19;15;18;
24;12;18;23;13;9;19;21;10;17;12;10;8;
25;17;10;18;16;12;10;17;9;18;10;16;14;
26;15;8;20;12;19;22;16;10;16;12;18;17;
27;18;4;20;11;22;15;12;11;24;24;27;15;
28;18;10;10;9;12;12;10;7;19;23;18;18;
29;14;s/d;7;5;12;13;15;33;20;20;18;22;
30;29;s/d;16;17;25;6;18;21;21;23;23;23;
31;14;s/d;10;s/d;14;s/d;17;11;s/d;28;s/d;23;
 
Estación Meteorológica   Aeroparque Aero
Año 2011 Viento Escalar Medio (km/h)
Datos Preliminares
 
Día;Ene;Feb;Mar;Abr;May;Jun;Jul;Ago;Sep;Oct;Nov;Dic;
1;20;20;19;10;31;6;12;12;16;19;20;8;
2;31;18;18;12;11;7;8;12;18;20;19;18;
3;31;13;18;7;12;20;16;24;15;22;20;20;
4;18;15;17;11;21;10;13;14;22;14;19;20;
5;16;20;22;10;15;18;9;17;17;8;23;15;
6;22;24;20;14;6;7;9;11;12;21;24;16;
7;14;30;12;9;13;7;9;24;3;24;20;13;
8;12;34;11;18;17;17;5;35;9;10;15;16;
9;20;28;12;13;13;19;10;20;10;14;13;22;
10;22;18;15;14;11;9;8;13;23;12;19;21;
11;17;14;11;8;1;15;9;7;9;18;7;18;
12;14;16;21;3;15;12;8;19;15;27;15;25;
13;10;18;23;15;16;11;17;12;21;15;23;32;
14;18;14;11;6;19;13;12;13;19;12;18;27;
15;27;17;16;23;18;12;9;15;17;15;7;26;
16;21;19;8;12;14;7;18;8;10;11;11;28;
17;12;18;12;18;14;25;25;7;25;18;22;20;
18;19;14;12;12;14;18;36;17;17;14;21;14;
19;18;21;10;7;13;16;17;26;7;13;18;18;
20;19;26;10;14;10;18;11;21;7;14;12;8;
21;22;26;8;9;6;19;7;10;12;18;16;15;
22;18;26;6;19;7;22;14;13;30;24;16;18;
23;17;22;20;16;9;18;12;14;23;25;14;31;
24;19;18;21;18;14;11;12;12;18;25;9;16;
25;8;18;14;10;15;21;19;15;18;29;15;14;
26;13;6;18;7;16;17;14;18;12;22;16;23;
27;10;14;17;9;15;14;14;20;22;19;14;18;
28;17;19;8;11;14;9;10;17;20;10;13;21;
29;25;s/d;14;18;12;18;21;14;13;19;22;19;
30;12;s/d;13;13;10;21;23;19;20;22;28;20;
31;26;s/d;4;s/d;5;s/d;17;13;s/d;19;s/d;20;
 
Estación Meteorológica   Aeroparque Aero
Año 2012 Viento Escalar Medio (km/h)
Datos Preliminares
 
Día;Ene;Feb;Mar;Abr;May;Jun;Jul;Ago;Sep;Oct;Nov;Dic;
1;17;13;18;12;20;16;9;5;5;13;8;12;
2;14;13;12;8;15;24;24;12;18;23;6;11;
3;16;10;16;14;10;19;9;20;27;20;13;13;
4;14;11;11;14;9;12;10;13;19;16;18;21;
5;12;15;20;20;15;14;9;9;25;16;13;18;
6;23;7;10;12;10;23;7;17;25;13;11;18;
7;25;8;13;13;12;14;17;19;18;23;12;28;
8;24;24;18;20;13;12;25;19;14;16;17;12;
9;14;30;18;17;11;16;9;13;21;17;27;10;
10;21;13;19;18;18;6;12;11;17;26;30;25;
11;12;14;23;7;19;7;15;14;12;15;25;13;
12;29;15;13;8;19;13;14;13;7;19;25;10;
13;16;9;7;6;7;4;14;9;9;23;19;12;
14;13;9;19;7;10;15;18;14;16;25;19;14;
15;13;6;13;10;12;26;18;6;12;20;21;11;
16;15;17;13;8;12;18;7;22;27;24;18;11;
17;18;11;16;12;20;16;6;15;36;24;18;13;
18;15;19;13;7;14;9;9;18;45;10;9;15;
19;12;11;16;8;8;12;9;10;32;19;9;12;
20;12;11;18;11;9;8;9;23;16;5;15;15;
21;12;26;10;18;21;10;12;12;16;15;18;12;
22;13;11;22;10;10;13;9;15;11;26;19;20;
23;18;24;12;16;19;12;11;15;18;23;14;16;
24;25;12;10;11;14;20;18;25;23;14;16;14;
25;26;23;15;9;13;11;14;23;24;12;16;19;
26;20;19;20;16;12;9;18;21;17;13;20;21;
27;22;16;21;13;9;9;11;22;15;17;11;15;
28;29;18;19;12;6;11;7;17;13;26;32;21;
29;16;6;12;12;13;17;17;23;13;25;38;11;
30;10;s/d;15;10;14;17;14;15;17;23;20;14;
31;16;s/d;8;s/d;9;s/d;23;5;s/d;13;s/d;20;
 
Estación Meteorológica   Aeroparque Aero
Año 2013 Viento Escalar Medio (km/h)
Datos Preliminares
 
Día;Ene;Feb;Mar;Abr;May;Jun;Jul;Ago;Sep;Oct;Nov;Dic;
1;25;12;18;23;15;6;8;23;12;10;18;16;
2;14;25;33;18;16;15;19;19;23;16;25;16;
3;15;21;15;9;24;16;18;8;24;21;17;22;
4;15;13;13;5;12;18;6;11;16;23;21;25;
5;20;12;14;16;12;16;13;19;18;12;16;19;
6;11;17;14;12;19;15;18;10;12;10;25;15;
7;15;22;15;8;17;18;18;19;14;16;16;15;
8;12;20;20;6;18;17;15;12;10;22;9;12;
9;21;19;13;16;9;8;16;16;15;17;25;31;
10;16;15;22;20;13;10;11;15;17;18;19;23;
11;20;10;8;15;9;5;11;23;17;38;16;16;
12;24;12;21;19;6;11;8;18;20;32;13;14;
13;11;12;13;11;8;12;11;18;30;18;18;15;
14;14;12;13;17;6;26;11;16;28;6;25;14;
15;19;15;12;16;24;15;12;26;29;10;33;16;
16;12;16;15;12;13;11;17;15;29;9;12;15;
17;25;18;21;9;7;10;13;15;18;14;15;11;
18;14;25;24;8;14;15;23;16;16;9;20;28;
19;28;18;27;7;11;14;11;13;13;16;27;26;
20;21;26;25;5;9;6;18;12;15;17;22;21;
21;22;22;21;12;6;7;18;9;17;19;17;18;
22;22;16;10;12;9;16;25;31;23;16;16;17;
23;12;22;4;5;10;5;17;18;14;22;22;16;
24;14;12;8;9;13;17;8;18;16;27;20;13;
25;25;24;8;4;12;8;23;18;16;21;24;12;
26;12;13;12;11;15;11;18;18;25;12;34;17;
27;17;9;7;15;7;13;7;14;21;22;29;12;
28;17;24;9;16;12;9;8;21;19;20;12;11;
29;12;s/d;15;12;19;16;13;16;11;19;25;11;
30;9;s/d;14;8;18;12;18;11;14;22;15;14;
31;11;s/d;16;s/d;18;s/d;10;7;s/d;15;s/d;18;
 
Estación Meteorológica   Aeroparque Aero
Año 2014 Viento Escalar Medio (km/h)
Datos Preliminares
 
Día;Ene;Feb;Mar;Abr;May;Jun;Jul;Ago;Sep;Oct;Nov;Dic;
1;10;20;11;25;15;12;8;7;17;18;39;25;
2;17;22;16;24;10;12;12;7;23;25;45;13;
3;20;18;21;15;11;22;8;19;12;22;26;12;
4;24;16;28;16;8;20;19;12;19;20;18;12;
5;14;18;17;22;12;17;26;16;12;21;11;19;
6;12;18;17;22;9;13;23;19;20;14;19;18;
7;14;8;9;16;9;14;18;17;16;9;7;19;
8;16;15;12;16;19;11;12;10;12;10;14;9;
9;19;13;15;20;19;17;12;18;28;17;15;8;
10;14;12;18;12;14;13;23;17;14;25;13;26;
11;32;12;12;19;14;24;11;7;9;15;6;21;
12;20;14;15;28;8;17;14;17;13;9;25;12;
13;21;29;18;20;10;15;5;19;24;7;11;15;
14;15;30;18;12;9;12;14;19;28;12;19;25;
15;12;25;21;17;17;18;11;15;18;21;21;15;
16;11;22;13;15;19;12;17;12;9;14;22;8;
17;12;18;20;15;18;12;15;6;13;24;19;13;
18;16;14;24;10;11;11;15;9;13;21;18;11;
19;28;9;13;10;6;6;11;11;9;16;17;17;
20;25;13;14;9;21;12;12;9;27;12;10;25;
21;21;9;21;12;21;17;12;7;15;18;24;25;
22;13;19;11;14;22;10;19;18;24;13;16;19;
23;16;11;18;7;15;6;24;12;19;13;21;17;
24;27;18;11;10;14;8;13;18;15;16;14;20;
25;22;28;18;14;15;12;17;36;19;10;21;17;
26;15;21;17;18;10;11;17;27;13;14;9;9;
27;15;14;12;18;7;6;11;16;11;24;7;11;
28;9;12;12;8;15;8;23;12;17;32;19;12;
29;12;s/d;15;23;23;12;10;15;14;26;28;10;
30;16;s/d;23;12;13;8;9;12;18;12;28;12;
31;15;s/d;25;s/d;12;s/d;13;12;s/d;20;s/d;10;
 
Estación Meteorológica   Aeroparque Aero
Año 2015 Viento Escalar Medio (km/h)
Datos Preliminares
 
Día;Ene;Feb;Mar;Abr;May;Jun;Jul;Ago;Sep;Oct;Nov;Dic;
1;21;22;8;16;16;14;14;11;26;25;20;14;
2;20;18;8;18;25;18;14;12;12;37;21;23;
3;17;21;12;17;22;17;23;12;11;18;17;21;
4;23;14;15;19;12;10;11;22;12;23;27;15;
5;12;18;16;24;7;7;25;18;11;16;11;22;
6;17;18;11;17;22;13;9;18;16;20;8;15;
7;14;12;14;18;12;9;8;20;16;26;13;13;
8;12;14;16;11;12;15;9;22;15;30;17;19;
9;25;18;20;8;12;13;12;9;25;32;17;12;
10;14;10;13;14;19;14;9;17;18;29;17;19;
11;17;14;14;22;12;16;13;18;20;21;20;14;
12;13;25;12;18;16;11;12;28;11;12;21;13;
13;22;23;18;13;15;9;17;27;16;17;22;11;
14;12;25;15;15;8;22;16;12;17;18;8;26;
15;24;25;18;32;10;18;11;12;22;24;14;20;
16;22;21;14;15;6;17;9;7;23;23;17;20;
17;21;17;12;17;13;23;11;7;11;15;18;13;
18;13;22;15;18;11;15;17;12;15;17;18;25;
19;20;26;21;18;8;23;13;21;19;18;18;14;
20;27;20;18;12;12;17;21;19;27;15;15;16;
21;14;14;25;8;14;7;13;15;38;11;20;20;
22;22;8;18;7;9;17;14;16;46;18;16;18;
23;23;9;9;8;18;16;6;22;37;23;24;12;
24;11;12;12;13;14;13;10;15;29;29;23;20;
25;9;30;12;10;8;12;12;19;18;27;19;19;
26;12;13;17;11;5;7;15;11;10;16;15;12;
27;15;22;12;16;14;6;13;14;13;22;26;13;
28;27;15;6;30;9;21;6;20;22;18;19;12;
29;29;s/d;8;25;16;7;13;15;24;17;14;12;
30;15;s/d;9;18;9;10;23;24;15;25;12;11;
31;20;s/d;18;s/d;8;s/d;19;30;s/d;25;s/d;15;
 
Estación Meteorológica   Aeroparque Aero
Año 2016 Viento Escalar Medio (km/h)
Datos Preliminares
 
Día;Ene;Feb;Mar;Abr;May;Jun;Jul;Ago;Sep;Oct;Nov;Dic;
1;16;19;32;19;15;16;9;9;15;22;12;17;
2;21;18;31;12;11;11;12;12;16;21;17;6;
3;17;14;12;13;15;6;5;15;13;24;22;16;
4;12;14;14;21;8;7;23;9;11;25;18;16;
5;26;16;20;11;14;6;17;5;20;19;9;17;
6;27;24;13;19;21;17;12;5;22;12;9;11;
7;17;23;10;19;21;11;14;5;10;6;18;10;
8;11;10;12;20;20;11;9;7;8;9;25;17;
9;22;15;22;25;10;6;8;6;12;12;14;12;
10;17;21;22;30;18;10;5;8;8;11;14;17;
11;9;12;14;28;21;10;13;13;14;13;13;15;
12;20;15;15;24;17;9;14;10;13;7;15;18;
13;19;14;12;16;14;10;9;13;18;18;16;18;
14;19;11;12;6;15;8;21;7;17;23;9;11;
15;21;11;10;10;17;7;12;7;8;13;12;18;
16;12;19;10;17;17;5;14;7;10;10;17;17;
17;15;19;18;31;15;6;8;13;7;20;15;13;
18;26;8;19;32;9;7;10;8;10;29;12;12;
19;21;16;26;14;11;6;15;5;8;31;15;9;
20;23;13;14;12;10;13;11;13;14;14;14;12;
21;15;15;16;14;6;14;10;12;15;12;13;14;
22;19;22;8;14;7;11;8;20;14;20;8;13;
23;25;11;13;9;8;6;11;11;14;18;10;10;
24;16;13;18;22;13;13;25;12;10;30;12;9;
25;21;23;32;23;14;11;26;8;12;30;19;20;
26;20;14;24;22;14;32;17;6;12;14;13;19;
27;20;15;22;19;19;19;7;25;12;20;6;18;
28;17;15;14;11;24;18;12;16;22;11;9;13;
29;14;21;7;16;18;9;16;14;28;15;12;14;
30;17;s/d;12;10;14;7;12;7;25;17;17;16;
31;20;s/d;14;s/d;17;s/d;11;10;s/d;10;s/d;8;
 
Estación Meteorológica   Aeroparque Aero
Año 2017 Viento Escalar Medio (km/h)
Datos Preliminares
 
Día;Ene;Feb;Mar;Abr;May;Jun;Jul;Ago;Sep;Oct;Nov;Dic;
1;7;14;9;21;8;5;8;16;14;12;17;23;
2;21;15;14;14;12;7;16;10;15;8;19;20;
3;13;9;18;6;6;13;15;8;11;17;12;12;
4;8;15;18;7;9;6;18;7;14;21;13;24;
5;10;26;16;6;5;5;17;16;14;6;14;22;
6;20;11;12;15;13;7;12;12;18;12;14;13;
7;16;10;25;18;10;11;20;11;12;26;17;13;
8;16;16;18;21;11;11;13;16;23;16;12;13;
9;10;19;15;15;7;12;7;25;15;9;8;12;
10;11;19;12;16;17;12;12;24;20;13;10;12;
11;12;21;15;12;26;8;16;23;21;28;12;19;
12;14;12;13;8;17;8;12;9;9;24;8;19;
13;21;19;13;10;8;8;11;10;12;9;21;7;
14;23;6;12;15;7;11;26;14;8;12;14;11;
15;20;8;19;16;6;8;15;14;19;11;11;10;
16;26;11;13;14;10;7;17;6;16;13;12;15;
17;8;12;7;12;19;10;13;13;13;10;21;21;
18;18;17;13;19;18;18;15;14;15;13;11;23;
19;15;9;16;10;17;10;19;11;18;12;19;24;
20;17;11;19;6;21;10;12;8;12;18;16;18;
21;15;11;21;12;18;14;10;14;12;13;14;7;
22;20;10;18;9;9;12;12;23;8;12;20;15;
23;17;7;10;8;11;8;8;16;9;14;27;15;
24;12;12;10;10;6;10;19;8;18;14;12;13;
25;17;10;17;8;7;6;24;7;14;14;13;13;
26;14;8;18;18;9;7;15;14;32;21;12;14;
27;8;11;18;17;16;14;12;18;18;15;20;16;
28;16;9;24;17;16;5;7;12;24;17;21;14;
29;18;s/d;25;10;9;10;6;14;17;15;21;11;
30;20;s/d;18;11;10;10;21;13;11;10;20;16;
31;14;s/d;15;s/d;8;s/d;14;14;s/d;8;s/d;21;
 
Estación Meteorológica   Aeroparque Aero
Año 2018 Viento Escalar Medio (km/h)
Datos Preliminares
 
Día;Ene;Feb;Mar;Abr;May;Jun;Jul;Ago;Sep;Oct;Nov;Dic;
1;17;11;11;29;24;13;8;12;23;14;16;17;
2;11;19;16;16;14;9;8;16;14;8;24;12;
3;15;21;10;10;9;9;11;12;6;9;11;13;
4;16;20;12;10;18;10;15;6;9;9;13;18;
5;10;14;13;8;20;6;23;7;15;15;13;15;
6;14;15;16;17;18;15;31;11;9;14;16;20;
7;20;13;12;5;18;13;15;13;19;15;23;11;
8;11;13;13;11;14;12;11;13;28;10;16;12;
9;21;13;12;14;6;12;6;17;32;12;17;13;
10;17;15;15;13;18;8;11;9;26;12;32;11;
11;13;17;10;16;12;12;11;9;18;18;21;14;
12;13;12;10;15;6;13;17;11;22;11;15;15;
13;13;12;12;13;10;11;8;9;12;11;9;37;
14;18;19;11;25;16;7;8;12;18;16;15;10;
15;14;22;13;20;7;4;14;8;11;15;15;7;
16;14;18;13;16;8;10;25;13;13;18;24;15;
17;14;17;14;12;11;14;33;13;9;14;15;16;
18;11;13;14;12;9;15;15;10;14;22;9;20;
19;14;7;9;15;11;11;12;9;9;25;15;14;
20;18;12;14;14;7;5;17;10;10;22;15;14;
21;14;14;18;11;8;12;13;10;15;13;14;10;
22;15;10;20;9;7;8;10;14;12;7;17;11;
23;13;16;10;12;12;11;8;20;19;24;22;13;
24;20;20;8;18;11;8;13;11;13;19;14;14;
25;20;22;11;12;10;14;25;11;18;13;8;20;
26;23;22;12;12;12;11;26;19;20;12;10;19;
27;12;18;17;14;8;11;17;14;32;13;20;11;
28;17;21;12;16;8;10;9;11;20;13;30;22;
29;22;s/d;5;13;8;6;13;9;24;13;17;13;
30;17;s/d;9;15;10;10;8;22;19;13;12;16;
31;16;s/d;17;s/d;13;s/d;11;21;s/d;15;s/d;22;
 
Estación Meteorológica   Aeroparque Aero
Año 2019 Viento Escalar Medio (km/h)
Datos Preliminares
 
Día;Ene;Feb;Mar;Abr;May;Jun;Jul;Ago;Sep;Oct;Nov;Dic;
1;16;10;20;16;14;7;12;10;8;20;18;13;
2;15;19;9;10;12;6;19;15;12;26;10;12;
3;13;16;16;14;9;7;12;7;9;32;13;13;
4;15;11;8;14;25;13;11;13;9;24;10;7;
5;15;14;12;11;11;17;12;16;24;11;8;10;
6;14;15;11;12;15;11;5;14;26;13;13;16;
7;8;15;13;12;19;8;12;18;8;14;22;11;
8;14;11;20;8;20;11;13;21;9;8;25;17;
9;12;7;18;13;17;9;10;14;14;12;26;11;
10;19;10;19;9;13;9;6;13;11;9;24;14;
11;14;15;22;11;9;22;12;11;17;13;24;13;
12;17;15;6;9;10;7;10;12;10;23;20;13;
13;12;12;10;15;16;15;7;10;12;19;8;16;
14;14;11;9;12;16;10;7;13;17;26;10;13;
15;16;10;19;23;12;23;6;13;14;21;12;7;
16;9;10;21;13;11;29;5;10;11;28;14;9;
17;20;16;13;14;14;12;15;11;16;24;11;17;
18;13;12;6;8;12;15;10;15;9;10;8;18;
19;13;10;14;10;10;16;7;11;13;12;18;17;
20;19;11;10;13;25;6;10;14;10;19;12;12;
21;13;21;10;7;18;11;15;21;19;7;23;15;
22;9;14;10;13;10;7;12;8;18;9;19;11;
23;20;9;12;14;8;4;12;6;20;12;27;13;
24;20;12;16;18;8;13;9;11;9;8;28;17;
25;14;10;10;35;11;16;24;13;7;10;21;20;
26;11;8;18;27;14;13;10;6;18;13;8;25;
27;15;15;17;8;9;16;6;10;27;14;10;13;
28;11;10;23;8;4;11;17;11;18;13;12;11;
29;18;s/d;18;9;12;13;7;9;10;18;15;10;
30;17;s/d;7;16;20;11;11;11;17;23;10;18;
31;15;s/d;11;s/d;14;s/d;16;6;s/d;25;s/d;12;
 
Estación Meteorológica   Aeroparque Aero
Año 2020 Viento Escalar Medio (km/h)
Datos Preliminares
 
Día;Ene;Feb;Mar;Abr;May;Jun;Jul;Ago;Sep;Oct;Nov;Dic;
1;16;12;9;11;6;7;11;14;29;12;14;14;
2;22;11;15;15;15;8;8;12;30;33;14;10;
3;23;15;15;9;13;7;15;16;9;25;22;9;
4;16;18;15;14;11;9;12;8;12;27;20;18;
5;12;20;16;8;14;18;7;6;21;8;19;15;
6;16;15;14;12;8;25;8;21;22;12;21;18;
7;14;9;12;10;7;4;19;25;18;10;17;20;
8;13;23;11;10;15;5;6;12;16;13;20;19;
9;17;14;19;12;17;4;12;14;8;10;21;10;
10;15;15;30;13;11;6;15;12;10;14;20;13;
11;9;21;21;15;7;6;9;11;10;17;22;13;
12;24;21;7;12;3;9;11;6;13;8;19;10;
13;28;21;16;9;9;15;12;10;9;11;18;8;
14;12;11;13;11;8;8;6;6;12;8;7;16;
15;10;7;14;10;20;17;4;14;17;19;14;24;
16;14;14;16;5;17;12;8;17;10;19;10;20;
17;15;15;12;9;11;9;13;6;15;11;15;12;
18;17;11;7;11;12;13;7;8;8;9;18;11;
19;11;10;8;12;11;8;11;12;7;21;21;19;
20;12;15;8;3;6;14;6;6;11;31;23;13;
21;12;12;8;21;13;15;7;9;12;37;19;9;
22;22;13;9;18;18;19;6;13;15;23;19;15;
23;15;12;16;15;10;6;8;15;11;14;20;17;
24;16;17;11;14;18;18;12;11;22;18;20;20;
25;14;12;17;18;14;11;9;14;21;11;8;21;
26;9;13;18;31;5;6;13;9;21;14;10;25;
27;23;12;14;19;9;4;12;12;15;15;18;21;
28;15;13;14;17;8;12;7;19;9;12;21;24;
29;13;11;10;12;9;24;6;9;12;11;13;12;
30;16;s/d;16;6;11;17;18;8;8;14;18;12;
31;12;s/d;32;s/d;15;s/d;10;16;s/d;14;s/d;13;
 
Estación Meteorológica   Aeroparque Aero
Año 2021 Viento Escalar Medio (km/h)
Datos Preliminares
 
Día;Ene;Feb;Mar;Abr;May;Jun;Jul;Ago;Sep;Oct;Nov;Dic;
1;18;17;18;21;11;13;17;6;25;6;13;21;
2;12;9;18;21;7;9;8;6;17;12;11;23;
3;22;17;23;18;11;8;11;9;25;12;14;19;
4;17;11;19;18;14;8;7;11;17;9;15;19;
5;15;10;12;12;8;11;8;12;17;15;19;22;
6;12;9;11;15;6;14;11;7;26;14;21;22;
7;12;12;12;12;8;16;6;5;32;13;19;22;
8;17;19;12;14;17;9;6;27;13;22;12;21;
9;16;14;15;10;8;11;7;18;13;20;25;19;
10;17;23;18;22;6;7;10;7;11;24;28;17;
11;14;15;11;14;5;11;7;9;13;15;26;16;
12;20;12;16;7;12;9;8;12;15;8;28;8;
13;23;7;14;7;9;9;13;12;15;8;20;16;
14;30;8;13;11;9;12;23;8;12;10;11;31;
15;17;12;9;6;6;10;6;7;9;13;12;13;
16;11;13;16;6;5;9;11;11;9;18;15;22;
17;15;10;17;10;6;7;14;9;11;16;12;22;
18;10;7;10;13;6;6;16;13;13;14;12;25;
19;12;12;13;18;20;6;6;13;19;14;14;17;
20;14;9;15;21;21;10;16;9;16;15;11;23;
21;25;14;12;19;30;11;9;14;18;12;17;25;
22;19;12;9;13;13;11;7;8;23;15;15;17;
23;22;12;8;15;15;12;7;5;18;11;15;18;
24;19;10;12;9;15;11;19;12;16;15;14;14;
25;13;10;19;9;9;7;13;10;15;17;13;14;
26;12;18;8;5;12;16;8;13;14;7;16;11;
27;18;26;9;9;12;12;12;12;23;10;25;15;
28;12;21;4;10;8;14;14;12;19;12;13;10;
29;10;s/d;9;9;7;12;8;7;20;21;14;15;
30;15;s/d;12;15;9;13;13;11;12;16;15;17;
31;16;s/d;16;s/d;15;s/d;7;6;s/d;18;s/d;19;
 
Estación Meteorológica   Aeroparque Aero
Año 2022 Viento Escalar Medio (km/h)
Datos Preliminares
 
Día;Ene;Feb;Mar;Abr;May;Jun;Jul;Ago;Sep;Oct;Nov;Dic;
1;12;16;17;9;8;6;15;10;7;10;11;12;
2;9;10;16;14;13;6;8;18;14;13;10;14;
3;10;12;25;13;6;13;8;7;9;27;16;15;
4;21;9;10;8;8;12;13;10;12;28;23;9;
5;24;12;12;8;9;3;12;6;10;25;26;14;
6;24;15;21;9;9;4;10;14;12;7;24;17;
7;19;13;16;9;8;8;11;26;14;11;24;10;
8;22;11;10;18;8;8;17;23;16;16;22;9;
9;21;16;12;15;7;8;10;15;16;11;20;10;
10;11;15;15;10;9;10;11;16;7;15;13;27;
11;11;17;7;22;12;7;18;16;13;14;18;19;
12;23;17;8;8;13;3;13;12;9;18;14;15;
13;15;7;9;6;13;8;15;6;11;18;13;11;
14;10;9;12;10;9;14;12;9;10;27;13;12;
15;9;13;12;13;11;4;10;11;14;18;9;20;
16;12;10;9;12;16;6;15;14;19;24;8;21;
17;19;28;8;12;17;13;12;9;16;31;24;27;
18;32;22;19;14;12;12;13;11;17;28;18;21;
19;26;21;11;10;8;16;9;14;9;18;8;20;
20;26;13;18;6;12;12;11;12;15;7;10;20;
21;13;11;24;6;9;14;10;5;15;14;12;23;
22;17;8;12;15;7;19;14;20;9;17;8;21;
23;7;18;14;12;8;12;12;13;7;20;14;15;
24;8;15;25;13;10;13;19;8;15;17;15;11;
25;11;8;12;18;22;8;24;4;17;18;26;10;
26;17;12;9;14;17;13;13;7;7;16;21;11;
27;24;12;8;13;11;10;15;13;13;12;19;12;
28;12;7;9;12;7;5;12;10;25;20;16;16;
29;16;s/d;13;8;9;13;7;12;25;14;16;11;
30;18;s/d;13;8;9;8;5;18;19;12;14;14;
31;18;s/d;5;s/d;5;s/d;6;12;s/d;15;s/d;25;
 
